function datasets = getdatasets()
% GETDATASETS - Get list of dataset ids
%   

datasets = [6, 10, 15, 73, 80, 155, 156, 163, 165, 262, ... 
            82, 84, 94, 161, 162, 4, 54, 55, 56, 58];
